qianhai_1.mp4 [74,76] 15 0 4
卡口晚上_LS-KK2701南环路枫林路桥西向东_001_2021-04-29-19-20-24_2021-04-29-19-50-25_cut.mp4 [0,0] 155 0 14
城市道路晚上_人民北路白石港公交站台_cut.mp4 [86,90] 110 0 6
城市道路白天_人民北路白石港公交站台_cut.mp4 [113,116] 147 1 12
小区白天_TY-JK0732湘银小区2号岗亭_001_2021-04-29-08-22-48_2021-04-29-08-30-00_cut.mp4 [75,77] 12 0 0
晴天夜间_十字路口1080P@4M_cut.mp4 [41,43] 96 0 0
晴天夜间_城市人行道1080P@4M_cut.mp4 [80,84] 123 1  0
晴天夜间_小区1080P@4M_cut.mp4 6 1 0 0
晴天夜间_车站外1080P@4M_cut.mp4 [51,53] 6 2 0
晴天白天_十字路口1080P@4M_cut.mp4 [81,85] 153 2 5
晴天白天_城市人行道1080P@4M_cut.mp4 [126,130] 156 2 0
晴天白天_小区1080P@4M_cut.mp4 [34,36] 3 0 0
晴天白天_车站外1080P@4M_cut.mp4 [165,168] 24 4 0
雨天⽩天_十字路口1080P@4M_cut.mp4 [27,29] 130 1 0
雨天白天_城市人行道1080P@4M_cut.mp4 [37,40] 145 4 1
雨天白天_小区1080P@4M_cut.mp4 8 4 0 0