小区白天_TY-JK0732湘银小区2号岗亭_001_2021-04-29-08-22-48_2021-04-29-08-30-00_cut 76 12 0 0
雨天白天_城市人行道1080P@4M_cut 38 145 4 1
雨天白天_小区1080P@4M_cut 8 4 0 0
晴天夜间_小区1080P@4M_cut 6 1 0 0
qianhai_1 75 15 0 4
晴天白天_城市人行道1080P@4M_cut 128 156 2 0
城市道路白天_SF-JK0085人民北路白石港公交站台_001_2021-04-29-11-08-24_2021-04-29-11-15-36_cut 114 147 1 12
晴天夜间_城市人行道1080P@4M_cut 82 123 1 0
晴天白天_小区1080P@4M_cut 35 3 0 0
雨天白天_十字路口1080P@4M_cut 28 130 1 0
晴天夜间_十字路口1080P@4M_cut 42 96 0 0
晴天白天_车站外1080P@4M_cut 166 24 4 0
卡口晚上_LS-KK2701南环路枫林路桥西向东_001_2021-04-29-19-20-24_2021-04-29-19-50-25_cut 0 155 0 14
晴天白天_十字路口1080P@4M_cut 83 153 2 5
城市道路晚上_SF-JK0085人民北路白石港公交站台_001_2021-04-29-19-14-24_2021-04-29-19-18-00_cut 88 110 0 6
晴天夜间_车站外1080P@4M_cut 52 6 2 0