video/测试集视频/小区白天_TY-JK0732湘银小区2号岗亭_001_2021-04-29-08-22-48_2021-04-29-08-30-00_cut.mp4 125 38 0 1 164
video/测试集视频/雨天白天_城市人行道1080P@4M_cut.mp4 21 58 0 1 80
video/测试集视频/雨天白天_小区1080P@4M_cut.mp4 9 5 0 0 14
video/测试集视频/晴天夜间_小区1080P@4M_cut.mp4 7 1 0 0 8
video/测试集视频/qianhai_1.mp4 193 23 0 5 221
video/测试集视频/晴天白天_城市人行道1080P@4M_cut.mp4 49 61 0 0 110
video/测试集视频/城市道路白天_SF-JK0085人民北路白石港公交站台_001_2021-04-29-11-08-24_2021-04-29-11-15-36_cut.mp4 162 213 2 13 390
video/测试集视频/晴天夜间_城市人行道1080P@4M_cut.mp4 74 47 0 0 121
video/测试集视频/晴天白天_小区1080P@4M_cut.mp4 64 6 0 0 70
video/测试集视频/雨天白天_十字路口1080P@4M_cut.mp4 26 177 1 3 207
video/测试集视频/晴天夜间_十字路口1080P@4M_cut.mp4 22 110 0 2 134
video/测试集视频/晴天白天_车站外1080P@4M_cut.mp4 104 36 1 0 141
video/测试集视频/卡口晚上_LS-KK2701南环路枫林路桥西向东_001_2021-04-29-19-20-24_2021-04-29-19-50-25_cut.mp4 0 0 0 0 0
video/测试集视频/晴天白天_十字路口1080P@4M_cut.mp4 112 228 0 6 346
video/测试集视频/城市道路晚上_SF-JK0085人民北路白石港公交站台_001_2021-04-29-19-14-24_2021-04-29-19-18-00_cut.mp4 73 156 0 3 232
video/测试集视频/晴天夜间_车站外1080P@4M_cut.mp4 35 12 2 2 51
