video/测试集视频/小区白天_TY-JK0732湘银小区2号岗亭_001_2021-04-29-08-22-48_2021-04-29-08-30-00_cut.mp4 127 25 0 1 153
video/测试集视频/雨天白天_城市人行道1080P@4M_cut.mp4 23 118 1 2 144
video/测试集视频/雨天白天_小区1080P@4M_cut.mp4 10 5 0 0 15
video/测试集视频/晴天夜间_小区1080P@4M_cut.mp4 8 1 0 0 9
video/测试集视频/qianhai_1.mp4 164 22 0 5 191
video/测试集视频/晴天白天_城市人行道1080P@4M_cut.mp4 51 134 2 1 188
video/测试集视频/城市道路白天_SF-JK0085人民北路白石港公交站台_001_2021-04-29-11-08-24_2021-04-29-11-15-36_cut.mp4 163 197 2 18 380
video/测试集视频/晴天夜间_城市人行道1080P@4M_cut.mp4 71 85 0 0 156
video/测试集视频/晴天白天_小区1080P@4M_cut.mp4 67 5 0 0 72
video/测试集视频/雨天白天_十字路口1080P@4M_cut.mp4 30 165 1 4 200
video/测试集视频/晴天夜间_十字路口1080P@4M_cut.mp4 24 100 0 2 126
video/测试集视频/晴天白天_车站外1080P@4M_cut.mp4 105 32 1 0 138
video/测试集视频/卡口晚上_LS-KK2701南环路枫林路桥西向东_001_2021-04-29-19-20-24_2021-04-29-19-50-25_cut.mp4 0 51 0 0 51
video/测试集视频/晴天白天_十字路口1080P@4M_cut.mp4 112 203 0 7 322
video/测试集视频/城市道路晚上_SF-JK0085人民北路白石港公交站台_001_2021-04-29-19-14-24_2021-04-29-19-18-00_cut.mp4 70 145 0 3 218
video/测试集视频/晴天夜间_车站外1080P@4M_cut.mp4 38 12 2 3 55
