video/测试集视频/小区白天_TY-JK0732湘银小区2号岗亭_001_2021-04-29-08-22-48_2021-04-29-08-30-00_cut.mp4 96 25 0 1 122
video/测试集视频/雨天白天_城市人行道1080P@4M_cut.mp4 21 107 1 2 131
video/测试集视频/雨天白天_小区1080P@4M_cut.mp4 9 3 0 0 12
video/测试集视频/晴天夜间_小区1080P@4M_cut.mp4 7 1 0 0 8
video/测试集视频/qianhai_1.mp4 109 21 0 5 135
video/测试集视频/晴天白天_城市人行道1080P@4M_cut.mp4 48 122 2 1 173
video/测试集视频/城市道路白天_SF-JK0085人民北路白石港公交站台_001_2021-04-29-11-08-24_2021-04-29-11-15-36_cut.mp4 98 150 2 14 264
video/测试集视频/晴天夜间_城市人行道1080P@4M_cut.mp4 66 77 0 0 143
video/测试集视频/晴天白天_小区1080P@4M_cut.mp4 58 2 0 0 60
video/测试集视频/雨天白天_十字路口1080P@4M_cut.mp4 18 148 1 4 171
video/测试集视频/晴天夜间_十字路口1080P@4M_cut.mp4 17 98 0 2 117
video/测试集视频/晴天白天_车站外1080P@4M_cut.mp4 14 25 1 0 40
video/测试集视频/卡口晚上_LS-KK2701南环路枫林路桥西向东_001_2021-04-29-19-20-24_2021-04-29-19-50-25_cut.mp4 0 51 0 0 51
video/测试集视频/晴天白天_十字路口1080P@4M_cut.mp4 39 181 0 6 226
video/测试集视频/城市道路晚上_SF-JK0085人民北路白石港公交站台_001_2021-04-29-19-14-24_2021-04-29-19-18-00_cut.mp4 36 121 0 3 160
video/测试集视频/晴天夜间_车站外1080P@4M_cut.mp4 8 9 2 3 22
