video/测试集视频/小区白天_TY-JK0732湘银小区2号岗亭_001_2021-04-29-08-22-48_2021-04-29-08-30-00_cut.mp4 114 24 0 1 139
video/测试集视频/雨天白天_城市人行道1080P@4M_cut.mp4 19 54 0 1 74
video/测试集视频/雨天白天_小区1080P@4M_cut.mp4 9 5 0 0 14
video/测试集视频/晴天夜间_小区1080P@4M_cut.mp4 7 1 0 0 8
video/测试集视频/qianhai_1.mp4 155 21 0 5 181
video/测试集视频/晴天白天_城市人行道1080P@4M_cut.mp4 47 57 0 0 104
video/测试集视频/城市道路白天_SF-JK0085人民北路白石港公交站台_001_2021-04-29-11-08-24_2021-04-29-11-15-36_cut.mp4 149 185 2 14 350
video/测试集视频/晴天夜间_城市人行道1080P@4M_cut.mp4 66 41 0 0 107
video/测试集视频/晴天白天_小区1080P@4M_cut.mp4 60 5 0 0 65
video/测试集视频/雨天白天_十字路口1080P@4M_cut.mp4 25 157 1 3 186
video/测试集视频/晴天夜间_十字路口1080P@4M_cut.mp4 24 99 0 2 125
video/测试集视频/晴天白天_车站外1080P@4M_cut.mp4 92 31 1 0 124
video/测试集视频/卡口晚上_LS-KK2701南环路枫林路桥西向东_001_2021-04-29-19-20-24_2021-04-29-19-50-25_cut.mp4 0 0 0 0 0
video/测试集视频/晴天白天_十字路口1080P@4M_cut.mp4 104 201 0 6 311
video/测试集视频/城市道路晚上_SF-JK0085人民北路白石港公交站台_001_2021-04-29-19-14-24_2021-04-29-19-18-00_cut.mp4 65 139 0 3 207
video/测试集视频/晴天夜间_车站外1080P@4M_cut.mp4 36 10 2 3 51
