video/测试集视频/小区白天_TY-JK0732湘银小区2号岗亭_001_2021-04-29-08-22-48_2021-04-29-08-30-00_cut.mp4 116 25 0 1 142
video/测试集视频/雨天白天_城市人行道1080P@4M_cut.mp4 21 90 1 2 114
video/测试集视频/雨天白天_小区1080P@4M_cut.mp4 9 5 0 0 14
video/测试集视频/晴天夜间_小区1080P@4M_cut.mp4 7 1 0 0 8
video/测试集视频/qianhai_1.mp4 155 21 0 5 181
video/测试集视频/晴天白天_城市人行道1080P@4M_cut.mp4 48 107 2 1 158
video/测试集视频/城市道路白天_SF-JK0085人民北路白石港公交站台_001_2021-04-29-11-08-24_2021-04-29-11-15-36_cut.mp4 150 185 2 14 351
video/测试集视频/晴天夜间_城市人行道1080P@4M_cut.mp4 67 64 0 0 131
video/测试集视频/晴天白天_小区1080P@4M_cut.mp4 61 5 0 0 66
video/测试集视频/雨天白天_十字路口1080P@4M_cut.mp4 26 158 1 3 188
video/测试集视频/晴天夜间_十字路口1080P@4M_cut.mp4 24 97 0 2 123
video/测试集视频/晴天白天_车站外1080P@4M_cut.mp4 93 32 1 0 126
video/测试集视频/卡口晚上_LS-KK2701南环路枫林路桥西向东_001_2021-04-29-19-20-24_2021-04-29-19-50-25_cut.mp4 0 21 0 0 21
video/测试集视频/晴天白天_十字路口1080P@4M_cut.mp4 106 201 0 6 313
video/测试集视频/城市道路晚上_SF-JK0085人民北路白石港公交站台_001_2021-04-29-19-14-24_2021-04-29-19-18-00_cut.mp4 66 138 0 3 207
video/测试集视频/晴天夜间_车站外1080P@4M_cut.mp4 35 10 2 3 50